Enemy11: .word 16, 16
.byte 1,4,1,1,1,1,4,1,1,1,1,4,1,1,1,1,
4,1,3,3,3,64,64,64,64,64,64,1,3,3,3,3,
4,1,3,4,64,255,255,255,255,255,255,64,4,4,4,4,
1,1,1,64,255,255,255,255,255,255,255,255,64,3,1,1,
4,4,64,255,255,255,255,255,255,255,255,255,255,64,3,4,
4,4,64,255,37,64,64,255,255,64,64,37,255,64,3,4,
1,64,255,37,64,64,64,255,255,64,64,64,37,255,64,1,
4,64,255,37,64,64,64,37,37,64,64,64,37,255,64,4,
4,64,255,37,64,64,37,255,255,37,64,64,37,255,64,4,
1,64,255,255,255,255,255,64,64,255,255,255,255,255,64,1,
4,4,64,37,255,255,255,255,255,255,255,255,37,64,1,3,
4,4,4,64,255,255,64,255,255,64,255,255,64,4,1,3,
1,4,1,1,37,64,64,64,64,64,64,37,4,1,1,1,
4,1,4,0,37,255,64,255,255,64,255,37,0,3,3,3,
4,1,1,0,64,37,37,37,37,37,37,64,0,3,4,4,
3,4,0,0,0,0,0,0,0,0,0,0,0,0,3,3,


