hearth: .word 16, 16
.byte 1,4,64,64,64,64,64,64,64,64,64,64,64,64,1,1,
4,45,64,255,255,255,255,255,255,255,255,255,255,64,45,3,
64,64,255,255,255,255,255,255,255,255,255,255,255,255,64,64,
64,255,255,55,64,64,64,64,64,64,64,64,55,255,255,64,
64,255,255,64,86,86,86,86,86,86,85,85,85,255,255,64,
64,255,255,64,86,55,55,86,86,55,45,85,85,255,255,64,
64,255,255,64,55,55,255,55,55,55,55,45,85,255,255,64,
64,255,255,64,55,255,55,55,55,55,55,45,85,255,255,64,
64,255,255,64,55,55,55,55,55,55,55,45,85,255,255,64,
64,255,255,64,86,55,55,55,55,55,45,85,85,255,255,64,
64,255,255,64,86,86,55,55,55,45,86,85,85,255,255,64,
64,255,255,64,86,86,86,55,45,86,85,85,85,255,255,64,
64,255,255,55,86,86,86,86,86,85,85,85,55,255,255,64,
64,64,255,255,255,255,255,255,255,255,255,255,255,255,64,64,
4,45,64,255,255,255,255,255,255,255,255,255,255,64,45,4,
3,4,64,64,64,64,64,64,64,64,64,64,64,64,3,3,


